12332E191150
12332E222250
12332B053010
12332E191100
12332B063050
12332E191100
12332E213150
12332E192050
12332E212100
12332E171050
12344B021125
12344E092025
12344E301105
12344E301225
12344E091100
12344E301125
12344E301125
12344E181325
12344E301005
12344E111115
12350E302100
12350E302050
12350E302025
12350E302022
12350E302100
12352E032005
12352E122015
12352E112025
12352E052035
12352E032045
12352E032055
12352E122065
12352E052075
12352E032085
12352E172005
12352E112095
12352E061025
12352E022005
12352E032005
12352E142005
12352E042005
12352E072005
12352E082005
12352E092005
12352E032005
12352E132005
12352E152005
12352E162005
12352E182005
12352E191005
12352E232115
12352E242005
12352E232145
12352E252005
12352E262005
12352E272005
12352E232105
12352E032125
12352E102135
12352E061010
22342E291050
22342B031050
22342E281050
22342E291050
22342E261050
22342E262050
22342E281050
22342E262050
22345B033010
22345B073010
22345B033010
22345B083010
22345B013010
22345B023010
22346E202010
22346E102010
22346E202010
22346E102010
22346E102010
22346B072055
22354E032100
22354E012150
22354E012200
22354E032050
22354E032100
22354E032050
22354E162100
32348E242100
32348E192050
32348E242025
32348E242010
32348E042025
32348E302099
32348E022050
32348E142100
32348E022100
32348E142100
32348E302100
32348E112005
32348E112009
32350E291500
32358E183100
32358E053150
32358E183100
32358E183100
32358E053050
32358E183100
32358E023100
32358E143100
32358E143150
32358E183100
32358E213100
32358E183100
32358E213200
42346E163005
42346E163015
42348E083010
42348E083010
42348E093010
42348E083010
42348E093010
42348E083010
52332E253005
52332E253005
52332E263005
52332E253005
52332E152015
52332E202100
52332E152010
52332E252005
52332E052005
52336E253005
52336E303015
52338E053005
52338E053005
52338E053005
52338E153005
52344E253105
52346E253001
52348E233100
52348E233100
52348E233100
52350E013100
52350E193100
52350E013100
52350E193100
52350E013100
52350E203100
52350E013100
